10.0 0.0 1570.4
10.0 1.0 1566.6
10.0 2.0 1515.6
10.0 3.0 1367.8
10.0 4.0 1197.4
10.0 5.0 980.4
10.0 6.0 819.2
10.0 7.0 566.8
10.0 8.0 410.0
10.0 9.0 262.6
10.0 10.0 100.0

109.0 0.0 32554.2
109.0 1.0 32087.4
109.0 2.0 30894.6
109.0 3.0 28831.4
109.0 4.0 26611.2
109.0 5.0 23451.8
109.0 6.0 20105.4
109.0 7.0 15911.8
109.0 8.0 10961.8
109.0 9.0 5443.0
109.0 10.0 100.0

208.0 0.0 68220.6
208.0 1.0 67412.4
208.0 2.0 66107.0
208.0 3.0 63072.6
208.0 4.0 58416.8
208.0 5.0 53050.8
208.0 6.0 45734.4
208.0 7.0 38130.4
208.0 8.0 27769.4
208.0 9.0 14936.0
208.0 10.0 100.0

307.0 0.0 104280.4
307.0 1.0 103792.8
307.0 2.0 101997.4
307.0 3.0 96096.2
307.0 4.0 90837.0
307.0 5.0 82413.2
307.0 6.0 74767.8
307.0 7.0 63021.8
307.0 8.0 47132.2
307.0 9.0 26709.6
307.0 10.0 100.0

406.0 0.0 140580.2
406.0 1.0 141145.0
406.0 2.0 137558.0
406.0 3.0 132305.2
406.0 4.0 123952.8
406.0 5.0 114955.8
406.0 6.0 102571.6
406.0 7.0 85501.2
406.0 8.0 66952.4
406.0 9.0 39278.8
406.0 10.0 100.0

505.0 0.0 178253.6
505.0 1.0 177634.6
505.0 2.0 173539.8
505.0 3.0 167227.6
505.0 4.0 157704.6
505.0 5.0 146161.2
505.0 6.0 130691.4
505.0 7.0 112028.2
505.0 8.0 86096.4
505.0 9.0 53338.4
505.0 10.0 100.0

604.0 0.0 214114.2
604.0 1.0 214659.0
604.0 2.0 211755.0
604.0 3.0 200150.0
604.0 4.0 192222.2
604.0 5.0 178126.6
604.0 6.0 160313.6
604.0 7.0 138653.0
604.0 8.0 108028.2
604.0 9.0 67660.4
604.0 10.0 100.0

703.0 0.0 253686.4
703.0 1.0 251040.0
703.0 2.0 246343.0
703.0 3.0 236422.4
703.0 4.0 224313.4
703.0 5.0 211021.2
703.0 6.0 188591.6
703.0 7.0 164241.4
703.0 8.0 127704.4
703.0 9.0 82791.0
703.0 10.0 100.0

802.0 0.0 291926.8
802.0 1.0 290426.0
802.0 2.0 285246.0
802.0 3.0 271833.4
802.0 4.0 260081.8
802.0 5.0 240456.8
802.0 6.0 218278.8
802.0 7.0 190512.6
802.0 8.0 151801.2
802.0 9.0 97639.0
802.0 10.0 100.0

901.0 0.0 328084.6
901.0 1.0 326301.4
901.0 2.0 320376.4
901.0 3.0 309693.2
901.0 4.0 293127.2
901.0 5.0 274057.2
901.0 6.0 248776.8
901.0 7.0 215131.8
901.0 8.0 171202.0
901.0 9.0 112637.8
901.0 10.0 100.0

1000.0 0.0 366606.8
1000.0 1.0 363725.0
1000.0 2.0 355032.2
1000.0 3.0 343435.2
1000.0 4.0 327836.0
1000.0 5.0 302145.8
1000.0 6.0 276767.6
1000.0 7.0 240025.4
1000.0 8.0 192851.4
1000.0 9.0 128955.2
1000.0 10.0 100.0

